{
 "cells": [
  {
   "cell_type": "markdown",
   "id": "a6297dea-f1c8-4f1c-8135-271ac5c641db",
   "metadata": {},
   "source": [
    "# Inverse Kinematics and PID control\n",
    "In this homework assignemnt, you will be tasked with creating an IK solver and controlling a robot arm using PID control (specifically the Franka Panda 7DoF robot). We will be creating two versions of the controller, one that uses pure velocity control and another that using torque control with feedforward dynamics. "
   ]
  },
  {
   "cell_type": "markdown",
   "id": "ea15eb8d-c2b3-48d2-98a7-9279819d3fa9",
   "metadata": {},
   "source": [
    "### Import mujoco and numpy"
   ]
  },
  {
   "cell_type": "code",
   "execution_count": 51,
   "id": "8a242e6e-aa40-499d-8871-20c6b4a2fffd",
   "metadata": {},
   "outputs": [],
   "source": [
    "import mujoco\n",
    "import mujoco_viewer\n",
    "import numpy as np\n",
    "import scipy as sp\n",
    "\n",
    "from autograder import autograder\n",
    "from sim import Sim\n",
    "\n",
    "franka_velocity_ctrl_sim = Sim(fname='./franka_emika_panda/scene_velocity_actuators.xml')\n",
    "franka_torque_ctrl_sim = Sim(fname='./franka_emika_panda/scene_torque_actuators.xml')\n"
   ]
  },
  {
   "cell_type": "markdown",
   "id": "5f0561fa-8e94-4f8b-80d0-eabc59362c0f",
   "metadata": {},
   "source": [
    "### Robot Info: Franka Emika Panda Robot\n",
    "We will be importing the Franka Panda robot. Take a look at the robot tree in `franka_emika_panda/panda.xml` file. Rather than importing the robot, we will instead import a specific `scene_X.xml` file that specifies different joint actuation on the robot. Note that the `panda.xml` only specifies the robot body and joints. There are two other files that specify the type of actuation on the robot (`vel_act.xml` and `torque_act.xml`) which we will use to demonstrate the different levels of robot control. \n",
    "\n",
    "### Assignment Questions \n",
    "Go through this notebook and answer all the questions below. There are autograder helpers which will tell you whether you have good code or not. Please use those to ensure that you can safely move on the next problem. This will prevent any bugs from being carried over to the next problem."
   ]
  },
  {
   "cell_type": "markdown",
   "id": "159dcdd5",
   "metadata": {},
   "source": [
    "## Rotation matrices and error signal\n",
    "Before we begin, you need to write up a few functions that will help you compute errors on rotation matrices that you will use to control the robot. First, we will write two helper functions `hat` and `unhat` which converts vectors in $\\mathbb{R}^3 \\to \\text{se}(3)$ and back. This will be used when you compute the distance between two rotation matrices. Specifically, the error between two rotation matrices can be defined using the axis-angle formulation when we discussed exponential coordinates. Recall that $R = e^{\\hat{\\omega}\\theta}$ which is a rotation in some axis $\\omega$ by the amount of $\\theta$. We can convert $R$ into its components $\\hat{\\omega} \\theta \\in \\mathbb{R}^3$ by using the matrix logarithm $\\text{logm}$. We will then need to convert the resulting matrix back into $\\mathbb{R}^3$ using the `unhat` operator. We will be using the scipy library to compute `unhat(sp.linalg.logm(R)) = w` where here `w` is combined with $\\theta$. To compute the error between two rotation matrices, we simply multiply the two $R_1 R_2^\\top$. For example, if $R_1 = R_{WD}$ and $R_2 = R_{WEE}$, then we want an $R$ such that $R_{WD} =R R_{WEE}$. Therefore, $R = R_{WD} R_{WEE}^\\top$ is our relative rotation transform.\n"
   ]
  },
  {
   "cell_type": "markdown",
   "id": "7dc4a841",
   "metadata": {
    "tags": []
   },
   "source": [
    "### Q1 a. Hat, Unhat \n",
    "Write a function `hat` that converts a vector $w\\in\\mathbb{R}^3 \\to \\text{se}(3)$ and another function `unhat` that goes the opposite direction."
   ]
  },
  {
   "cell_type": "code",
   "execution_count": 52,
   "id": "557cbca7",
   "metadata": {},
   "outputs": [],
   "source": [
    "def hat(w):\n",
    "    what = np.array([[0,-1*w[2],w[1]],\n",
    "              [w[2],0,-1*w[0]],\n",
    "              [-1*w[1],w[0],0]])\n",
    "    return what \n",
    "\n",
    "def unhat(R):\n",
    "    w = np.array([R[2][1],R[0][2],R[1][0]])\n",
    "                    \n",
    "    return w\n",
    "\n",
    "#arr = np.array([1,2,3])\n",
    "#print(arr)\n",
    "#print(hat(arr))\n",
    "#print(unhat(hat(arr)))"
   ]
  },
  {
   "cell_type": "code",
   "execution_count": 53,
   "id": "d85728ae",
   "metadata": {},
   "outputs": [
    {
     "name": "stdout",
     "output_type": "stream",
     "text": [
      "Passed Debug test\n"
     ]
    }
   ],
   "source": [
    "autograder.testQ1a(hat, unhat)"
   ]
  },
  {
   "cell_type": "markdown",
   "id": "422eebff",
   "metadata": {
    "tags": []
   },
   "source": [
    "### Q1 b. Rotation error\n",
    "Write a function that computes the error between two rotation matrices $R_1, R_2$."
   ]
  },
  {
   "cell_type": "code",
   "execution_count": 61,
   "id": "140186c7",
   "metadata": {},
   "outputs": [],
   "source": [
    "def rot_err(R1, R2):\n",
    "    #Rd = sp.spatial.transform.Rotation.from_matrix(np.matmul(R1,R2.transpose()))\n",
    "    R = unhat(sp.linalg.logm(np.matmul(R1,R2.transpose())))\n",
    "    #print (R)\n",
    "    #print (Rd.as_rotvec())\n",
    "    return R\n",
    "\n",
    "\n"
   ]
  },
  {
   "cell_type": "code",
   "execution_count": 62,
   "id": "d354f897",
   "metadata": {},
   "outputs": [
    {
     "name": "stdout",
     "output_type": "stream",
     "text": [
      "Passed Debug test\n"
     ]
    }
   ],
   "source": [
    "autograder.testQ1b(rot_err)"
   ]
  },
  {
   "cell_type": "markdown",
   "id": "4d0192a4",
   "metadata": {},
   "source": [
    "## Inverse Kinematics Solver\n",
    "We will now create the IK solver. We will use some helper functions to get the rotation, position, and jacobian of a site in the `.xml` file. Look through the files and find the tags for `site`. Specifically, look for the two tags `ee_site` and `target_site` within the `worldbody` tags. These will be the two target frames on a the robot and in the world respectively. Understand the functions below and answer the subsequent questions. "
   ]
  },
  {
   "cell_type": "code",
   "execution_count": 63,
   "id": "5fef87f4",
   "metadata": {},
   "outputs": [],
   "source": [
    "def getSitePose(model, data, site_name):\n",
    "    \"\"\"\n",
    "        This function takes in the robot model, data, and the site name of the reference frame. \n",
    "        The output of the function returns a tuple of a rotation matric R and a position p \n",
    "        relative to the world frame. \n",
    "    \"\"\"\n",
    "    # mujoco specific function\n",
    "    site_id = mujoco.mj_name2id(model, mujoco.mjtObj.mjOBJ_SITE, site_name)\n",
    "    # data structure for obtaining the position and orientation of a site reference frame\n",
    "    # note that rotation matrices are formated as a 9-dim vector and need to be reshaped\n",
    "    p = data.site_xpos[site_id]\n",
    "    R = data.site_xmat[site_id].reshape((3,3))\n",
    "    return (R, p)\n",
    "\n",
    "def getSiteJacobian(model, data, site_name):\n",
    "    \"\"\"\n",
    "        This function takes in the robot model, data, and the site name of the reference frame. \n",
    "        The output is the total jacobian matrix. Note that mujoco gives jacobian \n",
    "        position and rotation matrices which need to be stacked together.\n",
    "    \"\"\"\n",
    "    body_id = mujoco.mj_name2id(model, mujoco.mjtObj.mjOBJ_SITE, site_name)\n",
    "    jacp = np.zeros((3, model.nv))\n",
    "    jacr = np.zeros((3, model.nv))\n",
    "    mujoco.mj_jacSite(model, data, jacp, jacr, body_id)\n",
    "    return np.concatenate([jacp, jacr], axis=0)\n"
   ]
  },
  {
   "cell_type": "markdown",
   "id": "58989c1b",
   "metadata": {},
   "source": [
    "## Q2. Write the IK step. \n",
    "Write function to compute $\\Delta q$, for $q_{k+1} = q_k + \\Delta q$, where $\\Delta q$ is the solution to the minimum joint deviation based on the Taylor expansion of $f(q) - x_\\text{des}$, and $f(q)$ is your forward kinematics (assume that this is given as x_\\text{curr})."
   ]
  },
  {
   "cell_type": "code",
   "execution_count": 76,
   "id": "b50c4550",
   "metadata": {},
   "outputs": [],
   "source": [
    "def calcIKStep(jac, x_des, x_curr):\n",
    "    \"\"\"\n",
    "        This function takes in the jacobian matrix of the x_\\text{curr} = f(q) forward kinematics, \n",
    "        and the desired frame rotation matrix and position. \n",
    "        Assumes x_des, x_curr = (R, p)\n",
    "        Output of this function computes $\\Delta q$ using the jacobian.\n",
    "    \"\"\"\n",
    "    #define an error function, Rcurr and Rdes\n",
    "    R_curr, p_curr = x_curr\n",
    "    R_des,  p_des  = x_des\n",
    "    #calculate rotation and position error\n",
    "    err = rot_err(R_des, R_curr)\n",
    "    p_delta =p_des - p_curr\n",
    "    \n",
    "    #combine rot and pos error\n",
    "    error = np.concatenate((p_delta,err))\n",
    "    #invert jacobian\n",
    "    jac_inv = np.linalg.pinv(jac)\n",
    "    \n",
    "    Step = np.matmul( jac_inv, error)\n",
    "    #print (Step)\n",
    "    return Step\n",
    "\n",
    "def IKSolve(q, jac, x_des, x_curr):\n",
    "    dq = calcIKStep(jac, x_des, x_curr)\n",
    "    return q + dq\n"
   ]
  },
  {
   "cell_type": "markdown",
   "id": "4eccceab",
   "metadata": {
    "tags": []
   },
   "source": [
    "# Control!\n",
    "We will now implement different control strategies to move our robot. We will use the function below to simulate the control method used. Make sure you run the cell and load the function. Note that for the following examples you need to calculate the error from the poses of the reference frames."
   ]
  },
  {
   "cell_type": "code",
   "execution_count": 77,
   "id": "17fc99df",
   "metadata": {},
   "outputs": [],
   "source": [
    "def simulateCtrl(sim, ctrl_method, render=True, t_max=1000):\n",
    "    sim.data.qpos = sim.model.key_qpos\n",
    "    mujoco.mj_step(sim.model, sim.data)\n",
    "    log = []\n",
    "    if render:\n",
    "        viewer = mujoco_viewer.MujocoViewer(sim.model, sim.data)\n",
    "        viewer.vopt.frame = 3\n",
    "    for t in range(t_max):\n",
    "        u = ctrl_method(sim.model, sim.data)\n",
    "        sim.data.ctrl = u \n",
    "        mujoco.mj_step(sim.model, sim.data)\n",
    "        if render:\n",
    "            if viewer.is_alive:\n",
    "                viewer.render()\n",
    "    if render:\n",
    "        viewer.close()"
   ]
  },
  {
   "cell_type": "markdown",
   "id": "8f2cd173",
   "metadata": {
    "tags": []
   },
   "source": [
    "## Q3 Velocity control\n",
    "Create a controller that returns $\\Delta q$ given the end-effector pose and the target site pose. Using the `calcIKStep` to compute $\\Delta q$. Run the `simulateCtrl` using the `franka_velocity_ctrl_sim` simulation. Describe what you see. "
   ]
  },
  {
   "cell_type": "markdown",
   "id": "a13f4cbb",
   "metadata": {
    "tags": []
   },
   "source": [
    "## Response:\n",
    "Using this control method, the robot arm tries to reach the target location, but because gravity is not accounted for in this control method, it sags and fails to reach the target location"
   ]
  },
  {
   "cell_type": "code",
   "execution_count": 78,
   "id": "42593796-6dd2-48d0-a4f3-9e64a6f896ff",
   "metadata": {},
   "outputs": [],
   "source": [
    "def velocity_ctrl(model, data):\n",
    "    \"\"\"\n",
    "        Output will be a 7 dim vec that is applied to robot velocity control\n",
    "        output will be calcIKstep(jac, x_des, x_curr)\n",
    "    \"\"\"\n",
    "    x_des = getSitePose(model, data, \"target_site\")\n",
    "    #x_des = getSitePose(model, data, \"ee_site\")\n",
    "    x_curr = getSitePose(model, data, \"ee_site\")   \n",
    "    jac = getSiteJacobian(model, data, \"ee_site\")\n",
    "    \n",
    "    return calcIKStep(jac, x_des, x_curr) "
   ]
  },
  {
   "cell_type": "code",
   "execution_count": 80,
   "id": "d677ed5d",
   "metadata": {},
   "outputs": [
    {
     "name": "stdout",
     "output_type": "stream",
     "text": [
      "Pressed ESC\n",
      "Quitting.\n"
     ]
    }
   ],
   "source": [
    "simulateCtrl(franka_velocity_ctrl_sim, velocity_ctrl)"
   ]
  },
  {
   "cell_type": "markdown",
   "id": "57833dbb",
   "metadata": {},
   "source": [
    "## Q4 Torque control\n",
    "Create a  basic PD controller that calculates torque values using $q$ from the `IKSolve` given the end-effector pose and the target site pose. Tune the PD values as best as you can.Describe what you see. "
   ]
  },
  {
   "cell_type": "markdown",
   "id": "64c5c939",
   "metadata": {},
   "source": [
    "## Response:\n",
    "\n",
    "the performance with torque control is better than velocity, but gravity is still unnacounted for, and some sag remains"
   ]
  },
  {
   "cell_type": "code",
   "execution_count": 81,
   "id": "ed9f5e07",
   "metadata": {},
   "outputs": [],
   "source": [
    "def torque_ctrl(model, data):\n",
    "    \"\"\"\n",
    "        Output will be a 7 dim vec tau = kp (qdes - qpos) + kd * (-qvel)\n",
    "        where data.qpos = qpos and data.qvel = qvel are from the robot \n",
    "    \"\"\"\n",
    "    #1. obtain desired position and EE position\n",
    "    x_des = getSitePose(model, data, \"target_site\")\n",
    "    x_curr = getSitePose(model, data, \"ee_site\")   \n",
    "    \n",
    "    #2. compute Jacobian\n",
    "    jac = getSiteJacobian(model, data, \"ee_site\")\n",
    "    \n",
    "    #3. solve for change in joint position\n",
    "        # qk+1 = qk - Jinv(qk)(pdes-p)    \n",
    "    qdes = IKSolve(data.qpos,jac,x_des,x_curr)\n",
    "    qvdes = np.zeros(7)\n",
    "    #print(qvdes)\n",
    "    \n",
    "    #No integration neccesary\n",
    "    #4. set qdes = qk+1, q. des, compute q.. des = -kp(q - q des) - kv( q. - q. des) - ki integral(q - qdes) dt\n",
    "    kp = 250 #position constant should be 200-300\n",
    "    kv = 55 #velocity constant 40-65\n",
    "    #ki = 1 #integral constant\n",
    "    tau= -kp*(data.qpos - qdes) -kv*(data.qvel-qvdes)\n",
    "    \n",
    "    #5. calculate dynamic terms at current joint state q, q.\n",
    "    \n",
    "    #6. compute joint torques\n",
    "        # tau = M(q)q.. des + C(q, q.)q. + V(q)\n",
    "        \n",
    "    \n",
    "    #7. apply to robot\n",
    "    \n",
    "    return tau "
   ]
  },
  {
   "cell_type": "code",
   "execution_count": 82,
   "id": "52166295",
   "metadata": {},
   "outputs": [
    {
     "name": "stdout",
     "output_type": "stream",
     "text": [
      "Pressed ESC\n",
      "Quitting.\n"
     ]
    }
   ],
   "source": [
    "simulateCtrl(franka_torque_ctrl_sim, torque_ctrl)"
   ]
  },
  {
   "cell_type": "markdown",
   "id": "f26bac6c",
   "metadata": {},
   "source": [
    "## Q4 Dynamic Comp. Torque control\n",
    "Create a feed forward dynamic compensation controller that calculate target $q$ from the `IKSolve` given the end-effector pose and the target site pose. Tune the PD values as best as you can. Using the provided functions for obtaining the mass matrix and dynamic bias terms. Describe what you see. "
   ]
  },
  {
   "cell_type": "markdown",
   "id": "db0a0b9d-80d5-43ef-8892-0d4977ad70dc",
   "metadata": {},
   "source": [
    "## Response:\n",
    "\n",
    "once we incorporate the M and B terms, the robot is able to account for gravity (and other bias effects) and reach the target site. "
   ]
  },
  {
   "cell_type": "code",
   "execution_count": 108,
   "id": "ffd31481",
   "metadata": {},
   "outputs": [],
   "source": [
    "def getMassMatrix(model, data):\n",
    "    mass_matrix = np.zeros((model.nv, model.nv))\n",
    "    mujoco.mj_fullM(model, mass_matrix, data.qM)\n",
    "    return mass_matrix\n",
    "\n",
    "def getBiasTerms(model, data):\n",
    "    return data.qfrc_bias\n",
    "\n",
    "def feedforward_torque_ctrl(model, data):\n",
    "    \"\"\"\n",
    "        Output will be a 7 dim vec for torque of the form \n",
    "        tau = M qddot_des + b\n",
    "        where qddot_des = kp (qdes - qpos) + kd * (-qvel)\n",
    "        where data.qpos = qpos and data.qvel = qvel are from the robot \n",
    "    \"\"\"\n",
    "    #1. obtain desired position and EE position\n",
    "    x_des = getSitePose(model, data, \"target_site\")\n",
    "    x_curr = getSitePose(model, data, \"ee_site\")\n",
    "    \n",
    "    #2. compute Jacobian\n",
    "    jac = getSiteJacobian(model, data, \"ee_site\")\n",
    "    \n",
    "    #3. solve for change in joint position\n",
    "        # qk+1 = qk - Jinv(qk)(pdes-p)    \n",
    "    qdes = IKSolve(data.qpos,jac,x_des,x_curr)\n",
    "    qvdes = np.zeros(7)\n",
    "    \n",
    "    #No integration neccesary\n",
    "    #4. set qdes = qk+1, q. des, compute q.. des = -kp(q - q des) - kv( q. - q. des) - ki integral(q - qdes) dt\n",
    "    kp = 250 #position constant should be 200-300\n",
    "    kv = 55 #velocity constant 40-65\n",
    "    #ki = 1 #integral constant\n",
    "    qddot_des= -kp*(data.qpos - qdes) -kv*(data.qvel-qvdes)\n",
    "    #print(qddot_des)\n",
    "    \n",
    "    #5. calculate dynamic terms at current joint state q, q.\n",
    "    M = getMassMatrix(model, data)\n",
    "    #print(\"M\")\n",
    "    #print(M)\n",
    "    B = getBiasTerms(model, data)\n",
    "    #print(\"B\")\n",
    "    #print(B)\n",
    "    #6. compute joint torques\n",
    "        # tau = M(q)q.. des + C(q, q.)q. + V(q)\n",
    "    tau = np.matmul(M,qddot_des) + B\n",
    "    \n",
    "    #7. apply to robot\n",
    "    #print(\"Tau\")\n",
    "    #print (tau)\n",
    "    \n",
    "    return tau "
   ]
  },
  {
   "cell_type": "code",
   "execution_count": 109,
   "id": "0cc94997",
   "metadata": {},
   "outputs": [
    {
     "name": "stdout",
     "output_type": "stream",
     "text": [
      "[ -99.49135623  -43.51816918  -79.63591545  -69.09878808   -0.3974044\n",
      "   27.15857511 -180.17310309]\n",
      "M\n",
      "[[ 1.50865254e+00 -3.61426911e-02  1.37131507e+00  5.09243427e-04\n",
      "   9.51639626e-02  2.98947839e-04 -8.49094264e-03]\n",
      " [-3.61426911e-02  2.79452677e+00 -3.53737552e-02 -1.26786438e+00\n",
      "  -2.83948065e-02 -9.43958213e-02  3.57179342e-04]\n",
      " [ 1.37131507e+00 -3.53737552e-02  1.47131507e+00  5.09243427e-04\n",
      "   9.51639626e-02  2.98947839e-04 -8.49094264e-03]\n",
      " [ 5.09243427e-04 -1.26786438e+00  5.09243427e-04  1.05804436e+00\n",
      "   2.27639164e-02  1.29921866e-01 -2.36806200e-04]\n",
      " [ 9.51639626e-02 -2.83948065e-02  9.51639626e-02  2.27639164e-02\n",
      "   1.44164678e-01 -1.28063032e-03 -1.57039620e-03]\n",
      " [ 2.98947839e-04 -9.43958213e-02  2.98947839e-04  1.29921866e-01\n",
      "  -1.28063032e-03  1.53980606e-01 -2.05378743e-04]\n",
      " [-8.49094264e-03  3.57179342e-04 -8.49094264e-03 -2.36806200e-04\n",
      "  -1.57039620e-03 -2.05378743e-04  1.06684152e-01]]\n",
      "B\n",
      "[-3.48629831e-02 -2.93496866e+01 -3.48708497e-02  2.20422173e+01\n",
      "  6.68827943e-01  2.30526072e+00 -1.39733092e-05]\n",
      "Tau\n",
      "[-256.30086585  -59.5583023  -250.63403643    7.57866409  -16.5240307\n",
      "    1.60160738  -17.70480378]\n",
      "[ -88.35590819  -38.7062717   -71.07272142  -61.50139708   -0.38165141\n",
      "   24.24810439 -160.71773051]\n",
      "M\n",
      "[[ 1.50819197e+00 -3.57257640e-02  1.37112350e+00  5.08067169e-04\n",
      "   9.51491018e-02  2.96617916e-04 -8.49062595e-03]\n",
      " [-3.57257640e-02  2.79414687e+00 -3.49528007e-02 -1.26767264e+00\n",
      "  -2.83824140e-02 -9.43697294e-02  3.57413769e-04]\n",
      " [ 1.37112350e+00 -3.49528007e-02  1.47139457e+00  5.02908679e-04\n",
      "   9.51539155e-02  2.96946745e-04 -8.49055768e-03]\n",
      " [ 5.08067169e-04 -1.26767264e+00  5.02908679e-04  1.05804519e+00\n",
      "   2.27651060e-02  1.29922229e-01 -2.36915161e-04]\n",
      " [ 9.51491018e-02 -2.83824140e-02  9.51539155e-02  2.27651060e-02\n",
      "   1.44164531e-01 -1.28063504e-03 -1.57036990e-03]\n",
      " [ 2.96617916e-04 -9.43697294e-02  2.96946745e-04  1.29922229e-01\n",
      "  -1.28063504e-03  1.53980623e-01 -2.05367559e-04]\n",
      " [-8.49062595e-03  3.57413769e-04 -8.49055768e-03 -2.36915161e-04\n",
      "  -1.57036990e-03 -2.05367559e-04  1.06684152e-01]]\n",
      "B\n",
      "[-4.66829446e-02 -2.93397086e+01 -4.69396572e-02  2.20398507e+01\n",
      "  6.68602800e-01  2.30478311e+00 -1.96189970e-05]\n",
      "Tau\n",
      "[-228.06679557  -56.22120252 -223.11238652    9.13459751  -14.63642591\n",
      "    1.68700534  -15.79605438]\n",
      "[ -78.35687816  -34.18809295  -63.38144283  -54.44432104   -0.38435516\n",
      "   21.60972552 -143.55540189]\n",
      "M\n",
      "[[ 1.50745255e+00 -3.49670790e-02  1.37083750e+00  5.03051012e-04\n",
      "   9.51115682e-02  2.93531555e-04 -8.49001731e-03]\n",
      " [-3.49670790e-02  2.79345156e+00 -3.41879300e-02 -1.26733119e+00\n",
      "  -2.83586472e-02 -9.43389933e-02  3.57514335e-04]\n",
      " [ 1.37083750e+00 -3.41879300e-02  1.47156588e+00  4.89778152e-04\n",
      "   9.51244969e-02  2.94458771e-04 -8.48983241e-03]\n",
      " [ 5.03051012e-04 -1.26733119e+00  4.89778152e-04  1.05806556e+00\n",
      "   2.27665934e-02  1.29933206e-01 -2.36067469e-04]\n",
      " [ 9.51115682e-02 -2.83586472e-02  9.51244969e-02  2.27665934e-02\n",
      "   1.44159240e-01 -1.28102097e-03 -1.56975568e-03]\n",
      " [ 2.93531555e-04 -9.43389933e-02  2.94458771e-04  1.29933206e-01\n",
      "  -1.28102097e-03  1.53982305e-01 -2.04245692e-04]\n",
      " [-8.49001731e-03  3.57514335e-04 -8.48983241e-03 -2.36067469e-04\n",
      "  -1.56975568e-03 -2.04245692e-04  1.06684152e-01]]\n",
      "B\n",
      "[-1.78303902e-02 -2.94686104e+01 -1.79548545e-02  2.20417941e+01\n",
      "  6.73474822e-01  2.28791388e+00 -2.43326120e-04]\n",
      "Tau\n",
      "[-202.666121    -53.14467731 -198.3717533    10.52626865  -12.9360262\n",
      "    1.7547238   -14.11516111]\n",
      "[ -69.38268501  -29.95888739  -56.47112601  -47.90095312   -0.40324805\n",
      "   19.21710943 -128.41443752]\n",
      "M\n",
      "[[ 1.50646896e+00 -3.39040054e-02  1.37046818e+00  4.93740238e-04\n",
      "   9.50541604e-02  2.89830559e-04 -8.48915023e-03]\n",
      " [-3.39040054e-02  2.79247764e+00 -3.31177367e-02 -1.26685742e+00\n",
      "  -2.83248374e-02 -9.43040867e-02  3.57499855e-04]\n",
      " [ 1.37046818e+00 -3.31177367e-02  1.47181687e+00  4.70688233e-04\n",
      "   9.50780798e-02  2.91661615e-04 -8.48880412e-03]\n",
      " [ 4.93740238e-04 -1.26685742e+00  4.70688233e-04  1.05810303e+00\n",
      "   2.27682899e-02  1.29953474e-01 -2.34377446e-04]\n",
      " [ 9.50541604e-02 -2.83248374e-02  9.50780798e-02  2.27682899e-02\n",
      "   1.44149446e-01 -1.28173275e-03 -1.56862399e-03]\n",
      " [ 2.89830559e-04 -9.43040867e-02  2.91661615e-04  1.29953474e-01\n",
      "  -1.28173275e-03  1.53985442e-01 -2.02153319e-04]\n",
      " [-8.48915023e-03  3.57499855e-04 -8.48880412e-03 -2.34377446e-04\n",
      "  -1.56862399e-03 -2.02153319e-04  1.06684152e-01]]\n",
      "B\n",
      "[ 4.33632747e-02 -2.98057361e+01  4.36211154e-02  2.20649097e+01\n",
      "  6.80766892e-01  2.25071007e+00 -5.91274747e-04]\n",
      "Tau\n",
      "[-179.82193442  -50.40577267 -176.13132246   11.79181391  -11.40687959\n",
      "    1.80011198  -12.63473993]\n",
      "[ -61.33227234  -26.00439934  -50.26083334  -41.83869785   -0.4339661\n",
      "   17.05272901 -115.05535774]\n",
      "M\n",
      "[[ 1.50527378e+00 -3.25700249e-02  1.37002591e+00  4.79482709e-04\n",
      "   9.49794235e-02  2.85615611e-04 -8.48805354e-03]\n",
      " [-3.25700249e-02  2.79125875e+00 -3.17770671e-02 -1.26626726e+00\n",
      "  -2.82822307e-02 -9.42654950e-02  3.57388432e-04]\n",
      " [ 1.37002591e+00 -3.17770671e-02  1.47213614e+00  4.46405004e-04\n",
      "   9.50168064e-02  2.88705844e-04 -8.48750475e-03]\n",
      " [ 4.79482709e-04 -1.26626726e+00  4.46405004e-04  1.05815541e+00\n",
      "   2.27701252e-02  1.29981847e-01 -2.31945465e-04]\n",
      " [ 9.49794235e-02 -2.82822307e-02  9.50168064e-02  2.27701252e-02\n",
      "   1.44135717e-01 -1.28271628e-03 -1.56703676e-03]\n",
      " [ 2.85615611e-04 -9.42654950e-02  2.88705844e-04  1.29981847e-01\n",
      "  -1.28271628e-03  1.53989852e-01 -1.99213728e-04]\n",
      " [-8.48805354e-03  3.57388432e-04 -8.48750475e-03 -2.31945465e-04\n",
      "  -1.56703676e-03 -1.99213728e-04  1.06684152e-01]]\n",
      "B\n",
      "[ 1.25205580e-01 -3.02797959e+01  1.26076394e-01  2.21024262e+01\n",
      "  6.89520973e-01  2.20015401e+00 -1.02055098e-03]\n",
      "Tau\n",
      "[-159.28814857  -47.9274243  -156.14362677   12.94060698  -10.03274459\n",
      "    1.83059681  -11.33072962]\n",
      "[ -54.11401356  -22.31215383  -44.67834684  -36.22831415   -0.47256076\n",
      "   15.0992377  -103.26704556]\n",
      "M\n",
      "[[ 1.50389696e+00 -3.09951631e-02  1.36952018e+00  4.59535345e-04\n",
      "   9.48896831e-02  2.80968690e-04 -8.48675184e-03]\n",
      " [-3.09951631e-02  2.78982524e+00 -3.01973455e-02 -1.26557507e+00\n",
      "  -2.82319735e-02 -9.42236503e-02  3.57196584e-04]\n",
      " [ 1.36952018e+00 -3.01973455e-02  1.47251316e+00  4.17625005e-04\n",
      "   9.49426300e-02  2.85730051e-04 -8.48596144e-03]\n",
      " [ 4.59535345e-04 -1.26557507e+00  4.17625005e-04  1.05822070e+00\n",
      "   2.27720378e-02  1.30017243e-01 -2.28859268e-04]\n",
      " [ 9.48896831e-02 -2.82319735e-02  9.49426300e-02  2.27720378e-02\n",
      "   1.44118565e-01 -1.28392014e-03 -1.56505025e-03]\n",
      " [ 2.80968690e-04 -9.42236503e-02  2.85730051e-04  1.30017243e-01\n",
      "  -1.28392014e-03  1.53995373e-01 -1.95535386e-04]\n",
      " [-8.48675184e-03  3.57196584e-04 -8.48596144e-03 -2.28859268e-04\n",
      "  -1.56505025e-03 -1.95535386e-04  1.06684152e-01]]\n",
      "B\n",
      "[ 2.18705127e-01 -3.08366692e+01  2.20420026e-01  2.21491282e+01\n",
      "  6.99008058e-01  2.14154434e+00 -1.49916586e-03]\n",
      "Tau\n",
      "[-140.84036936  -45.65383841 -138.18486109   13.98178938   -8.79868258\n",
      "    1.85161295  -10.18195691]\n",
      "[-47.64492672 -18.87081722 -39.65917261 -31.04308165  -0.51554484\n",
      "  13.3397526  -92.86338615]\n",
      "M\n",
      "[[ 1.50236602e+00 -2.92063675e-02  1.36895968e+00  4.33140979e-04\n",
      "   9.47870613e-02  2.75958815e-04 -8.48526645e-03]\n",
      " [-2.92063675e-02  2.78820467e+00 -2.84068788e-02 -1.26479390e+00\n",
      "  -2.81751151e-02 -9.41789494e-02  3.56939138e-04]\n",
      " [ 1.36895968e+00 -2.84068788e-02  1.47293824e+00  3.84982149e-04\n",
      "   9.48573298e-02  2.82860845e-04 -8.48419782e-03]\n",
      " [ 4.33140979e-04 -1.26479390e+00  3.84982149e-04  1.05829708e+00\n",
      "   2.27739739e-02  1.30058682e-01 -2.25195668e-04]\n",
      " [ 9.47870613e-02 -2.81751151e-02  9.48573298e-02  2.27739739e-02\n",
      "   1.44098453e-01 -1.28529642e-03 -1.56271547e-03]\n",
      " [ 2.75958815e-04 -9.41789494e-02  2.82860845e-04  1.30058682e-01\n",
      "  -1.28529642e-03  1.54001865e-01 -1.91213750e-04]\n",
      " [-8.48526645e-03  3.56939138e-04 -8.48419782e-03 -2.25195668e-04\n",
      "  -1.56271547e-03 -1.91213750e-04  1.06684152e-01]]\n",
      "B\n",
      "[ 3.17038356e-01 -3.14357978e+01  3.19834731e-01  2.22010947e+01\n",
      "  7.08678405e-01  2.07886102e+00 -2.00301447e-03]\n",
      "Tau\n",
      "[-124.27440179  -43.54521458 -122.05280914   14.92420361   -7.69100999\n",
      "    1.86707256   -9.16978851]\n",
      "[-41.84993613 -15.66975567 -35.14566802 -26.25820621  -0.55990507\n",
      "  11.75805386 -83.68030572]\n",
      "M\n",
      "[[ 1.50070632e+00 -2.72278410e-02  1.36835247e+00  3.99583601e-04\n",
      "   9.46734913e-02  2.70646084e-04 -8.48361616e-03]\n",
      " [-2.72278410e-02  2.78642211e+00 -2.64311392e-02 -1.26393564e+00\n",
      "  -2.81126119e-02 -9.41317668e-02  3.56629210e-04]\n",
      " [ 1.36835247e+00 -2.64311392e-02  1.47340252e+00  3.49053617e-04\n",
      "   9.47625249e-02  2.80212763e-04 -8.48223478e-03]\n",
      " [ 3.99583601e-04 -1.26393564e+00  3.49053617e-04  1.05838289e+00\n",
      "   2.27758861e-02  1.30105280e-01 -2.21022025e-04]\n",
      " [ 9.46734913e-02 -2.81126119e-02  9.47625249e-02  2.27758861e-02\n",
      "   1.44075795e-01 -1.28680127e-03 -1.56007864e-03]\n",
      " [ 2.70646084e-04 -9.41317668e-02  2.80212763e-04  1.30105280e-01\n",
      "  -1.28680127e-03  1.54009202e-01 -1.86332854e-04]\n",
      " [-8.48361616e-03  3.56629210e-04 -8.48223478e-03 -2.21022025e-04\n",
      "  -1.56007864e-03 -1.86332854e-04  1.06684152e-01]]\n",
      "B\n",
      "[ 4.15080709e-01 -3.20472608e+01  4.19200418e-01  2.22554397e+01\n",
      "  7.18122234e-01  2.01505128e+00 -2.51380527e-03]\n",
      "Tau\n",
      "[-109.40479739  -41.57361722 -107.56494221   15.77630369   -6.69723692\n",
      "    1.87972838   -8.27782572]\n",
      "[-36.66118134 -12.69874067 -31.08627363 -21.8504005   -0.60309369\n",
      "  10.3387186  -75.57316173]\n",
      "M\n",
      "[[ 1.49894122e+00 -2.50813370e-02  1.36770608e+00  3.58226691e-04\n",
      "   9.45507315e-02  2.65084446e-04 -8.48181776e-03]\n",
      " [-2.50813370e-02  2.78450053e+00 -2.42930236e-02 -1.26301118e+00\n",
      "  -2.80453317e-02 -9.40824620e-02  3.56278239e-04]\n",
      " [ 1.36770608e+00 -2.42930236e-02  1.47389800e+00  3.10364947e-04\n",
      "   9.46596867e-02  2.77888183e-04 -8.48009123e-03]\n",
      " [ 3.58226691e-04 -1.26301118e+00  3.10364947e-04  1.05847665e+00\n",
      "   2.27777326e-02  1.30156238e-01 -2.16397525e-04]\n",
      " [ 9.45507315e-02 -2.80453317e-02  9.46596867e-02  2.27777326e-02\n",
      "   1.44050960e-01 -1.28839504e-03 -1.55718153e-03]\n",
      " [ 2.65084446e-04 -9.40824620e-02  2.77888183e-04  1.30156238e-01\n",
      "  -1.28839504e-03  1.54017275e-01 -1.80966691e-04]\n",
      " [-8.48181776e-03  3.56278239e-04 -8.48009123e-03 -2.16397525e-04\n",
      "  -1.55718153e-03 -1.80966691e-04  1.06684152e-01]]\n",
      "B\n",
      "[ 5.09045727e-01 -3.26494306e+01  5.14729514e-01  2.23100909e+01\n",
      "  7.27039629e-01  1.95225668e+00 -3.01761422e-03]\n",
      "Tau\n",
      "[-96.06340612 -39.71979268 -94.55662654  16.54608796  -5.80599644\n",
      "   1.89145723  -7.49163614]\n",
      "[-32.01737425  -9.94776262 -27.43483686 -17.79759389  -0.64300576\n",
      "   9.06720433 -68.41444252]\n",
      "M\n",
      "[[ 1.49709226e+00 -2.27864207e-02  1.36702755e+00  3.08538391e-04\n",
      "   9.44203783e-02  2.59323550e-04 -8.47988643e-03]\n",
      " [-2.27864207e-02  2.78246091e+00 -2.20130927e-02 -1.26203052e+00\n",
      "  -2.79740593e-02 -9.40313850e-02  3.55896059e-04]\n",
      " [ 1.36702755e+00 -2.20130927e-02  1.47441743e+00  2.69394472e-04\n",
      "   9.45501507e-02  2.75977289e-04 -8.47778449e-03]\n",
      " [ 3.08538391e-04 -1.26203052e+00  2.69394472e-04  1.05857703e+00\n",
      "   2.27794773e-02  1.30210844e-01 -2.11374280e-04]\n",
      " [ 9.44203783e-02 -2.79740593e-02  9.45501507e-02  2.27794773e-02\n",
      "   1.44024282e-01 -1.29004233e-03 -1.55406179e-03]\n",
      " [ 2.59323550e-04 -9.40313850e-02  2.75977289e-04  1.30210844e-01\n",
      "  -1.29004233e-03  1.54025987e-01 -1.75180427e-04]\n",
      " [-8.47988643e-03  3.55896059e-04 -8.47778449e-03 -2.11374280e-04\n",
      "  -1.55406179e-03 -1.75180427e-04  1.06684152e-01]]\n",
      "B\n",
      "[ 5.96204033e-01 -3.32271053e+01  6.03684587e-01  2.23636055e+01\n",
      "  7.35217216e-01  1.89199317e+00 -3.50386372e-03]\n",
      "Tau\n",
      "[-84.09796916 -37.97073496 -82.8794544   17.24105415  -5.00696917\n",
      "   1.90348057  -6.79851786]\n",
      "[-27.86320429  -7.40692284 -24.15001616 -14.07873699  -0.67794748\n",
      "   7.92989364 -62.09173965]\n",
      "M\n",
      "[[ 1.49517925e+00 -2.03606998e-02  1.36632351e+00  2.50106493e-04\n",
      "   9.42838781e-02  2.53409916e-04 -8.47783603e-03]\n",
      " [-2.03606998e-02  2.78032251e+00 -1.96097891e-02 -1.26100283e+00\n",
      "  -2.78995020e-02 -9.39788779e-02  3.55491000e-04]\n",
      " [ 1.36632351e+00 -1.96097891e-02  1.47495437e+00  2.26577235e-04\n",
      "   9.44351272e-02  2.74558113e-04 -8.47533069e-03]\n",
      " [ 2.50106493e-04 -1.26100283e+00  2.26577235e-04  1.05868283e+00\n",
      "   2.27810890e-02  1.30268458e-01 -2.05998278e-04]\n",
      " [ 9.42838781e-02 -2.78995020e-02  9.44351272e-02  2.27810890e-02\n",
      "   1.43996055e-01 -1.29171182e-03 -1.55075331e-03]\n",
      " [ 2.53409916e-04 -9.39788779e-02  2.74558113e-04  1.30268458e-01\n",
      "  -1.29171182e-03  1.54035254e-01 -1.69031463e-04]\n",
      " [-8.47783603e-03  3.55491000e-04 -8.47533069e-03 -2.05998278e-04\n",
      "  -1.55075331e-03 -1.69031463e-04  1.06684152e-01]]\n",
      "B\n",
      "[ 6.74662169e-01 -3.37700231e+01  6.84157303e-01  2.24150204e+01\n",
      "  7.42509876e-01  1.83529369e+00 -3.96459036e-03]\n",
      "Tau\n",
      "[-73.37077495 -36.31784028 -72.39970406  17.86817478  -4.29080636\n",
      "   1.91653558  -6.1872921 ]\n",
      "[-24.14879005  -5.06638093 -21.1947556  -10.67367418  -0.7065991\n",
      "   6.91410977 -56.50596035]\n",
      "M\n",
      "[[ 1.49322039e+00 -1.78200298e-02  1.36560018e+00  1.82645615e-04\n",
      "   9.41425384e-02  2.47387610e-04 -8.47567931e-03]\n",
      " [-1.78200298e-02  2.77810302e+00 -1.70996371e-02 -1.25993657e+00\n",
      "  -2.78222948e-02 -9.39252765e-02  3.55069993e-04]\n",
      " [ 1.36560018e+00 -1.70996371e-02  1.47550306e+00  1.82308470e-04\n",
      "   9.43157110e-02  2.73696664e-04 -8.47274497e-03]\n",
      " [ 1.82645615e-04 -1.25993657e+00  1.82308470e-04  1.05879299e+00\n",
      "   2.27825414e-02  1.30328514e-01 -2.00310206e-04]\n",
      " [ 9.41425384e-02 -2.78222948e-02  9.43157110e-02  2.27825414e-02\n",
      "   1.43966543e-01 -1.29337607e-03 -1.54728648e-03]\n",
      " [ 2.47387610e-04 -9.39252765e-02  2.73696664e-04  1.30328514e-01\n",
      "  -1.29337607e-03  1.54045000e-01 -1.62570366e-04]\n",
      " [-8.47567931e-03  3.55069993e-04 -8.47274497e-03 -2.00310206e-04\n",
      "  -1.54728648e-03 -1.62570366e-04  1.06684152e-01]]\n",
      "B\n",
      "[ 7.43186868e-01 -3.42716875e+01  7.54893643e-01  2.24637309e+01\n",
      "  7.48826279e-01  1.78282096e+00 -4.39390930e-03]\n",
      "Tau\n",
      "[-63.75739158 -34.75552252 -62.9969282   18.43388961  -3.64905391\n",
      "   1.93100719  -5.6481208 ]\n",
      "[-20.82917528  -2.91634049 -18.53582097  -7.56306426  -0.72797547\n",
      "   6.00811045 -51.56975172]\n",
      "M\n",
      "[[ 1.49123240e+00 -1.51786952e-02  1.36486343e+00  1.05998497e-04\n",
      "   9.39975390e-02  2.41298590e-04 -8.47342810e-03]\n",
      " [-1.51786952e-02  2.77581867e+00 -1.44974250e-02 -1.25883950e+00\n",
      "  -2.77430062e-02 -9.38709097e-02  3.54638699e-04]\n",
      " [ 1.36486343e+00 -1.44974250e-02  1.47605844e+00  1.36946738e-04\n",
      "   9.41928912e-02  2.73447157e-04 -8.47004166e-03]\n",
      " [ 1.05998497e-04 -1.25883950e+00  1.36946738e-04  1.05890658e+00\n",
      "   2.27838129e-02  1.30390506e-01 -1.94346161e-04]\n",
      " [ 9.39975390e-02 -2.77430062e-02  9.41928912e-02  2.27838129e-02\n",
      "   1.43935979e-01 -1.29501125e-03 -1.54368851e-03]\n",
      " [ 2.41298590e-04 -9.38709097e-02  2.73447157e-04  1.30390506e-01\n",
      "  -1.29501125e-03  1.54055157e-01 -1.55841689e-04]\n",
      " [-8.47342810e-03  3.54638699e-04 -8.47004166e-03 -1.94346161e-04\n",
      "  -1.54368851e-03 -1.55841689e-04  1.06684152e-01]]\n",
      "B\n",
      "[ 8.01064294e-01 -3.47284408e+01  8.15154508e-01  2.25093951e+01\n",
      "  7.54117323e-01  1.73495648e+00 -4.78761300e-03]\n",
      "Tau\n",
      "[-55.14548207 -33.2801869  -54.5626658   18.94411179  -3.07407865\n",
      "   1.94702948  -5.17234609]\n",
      "[-17.86386702  -0.94705998 -16.1433897   -4.72833396  -0.74138608\n",
      "   5.20106588 -47.20611141]\n",
      "M\n",
      "[[ 1.48923058e+00 -1.24495715e-02  1.36411878e+00  2.01329313e-05\n",
      "   9.38499414e-02  2.35182810e-04 -8.47109335e-03]\n",
      " [-1.24495715e-02  2.77348434e+00 -1.18163715e-02 -1.25771879e+00\n",
      "  -2.76621435e-02 -9.38160989e-02  3.54201630e-04]\n",
      " [ 1.36411878e+00 -1.18163715e-02  1.47661609e+00  9.08167560e-05\n",
      "   9.40675588e-02  2.73852327e-04 -8.46723441e-03]\n",
      " [ 2.01329313e-05 -1.25771879e+00  9.08167560e-05  1.05902275e+00\n",
      "   2.27848864e-02  1.30453989e-01 -1.88138255e-04]\n",
      " [ 9.38499414e-02 -2.76621435e-02  9.40675588e-02  2.27848864e-02\n",
      "   1.43904571e-01 -1.29659682e-03 -1.53998368e-03]\n",
      " [ 2.35182810e-04 -9.38160989e-02  2.73852327e-04  1.30453989e-01\n",
      "  -1.29659682e-03  1.54065669e-01 -1.48884683e-04]\n",
      " [-8.47109335e-03  3.54201630e-04 -8.46723441e-03 -1.88138255e-04\n",
      "  -1.53998368e-03 -1.48884683e-04  1.06684152e-01]]\n",
      "B\n",
      "[ 8.47986590e-01 -3.51387368e+01  8.64603768e-01  2.25518595e+01\n",
      "  7.58366841e-01  1.69187058e+00 -5.14286259e-03]\n",
      "Tau\n",
      "[-47.43370469 -31.88948048 -46.9992711   19.40424434  -2.55899802\n",
      "   1.96456308  -4.75234898]\n",
      "[-15.21641301   0.85112068 -13.9906878   -2.1516534   -0.74639611\n",
      "   4.4830256  -43.34716265]\n",
      "M\n",
      "[[ 1.48722889e+00 -9.64426834e-03  1.36337141e+00 -7.48644415e-05\n",
      "   9.37006982e-02  2.29078181e-04 -8.46868530e-03]\n",
      " [-9.64426834e-03  2.77111367e+00 -9.06827700e-03 -1.25658099e+00\n",
      "  -2.75801579e-02 -9.37611565e-02  3.53762271e-04]\n",
      " [ 1.36337141e+00 -9.06827700e-03  1.47717214e+00  4.42119867e-05\n",
      "   9.39405152e-02  2.74943828e-04 -8.46433622e-03]\n",
      " [-7.48644415e-05 -1.25658099e+00  4.42119867e-05  1.05914077e+00\n",
      "   2.27857494e-02  1.30518572e-01 -1.81715149e-04]\n",
      " [ 9.37006982e-02 -2.75801579e-02  9.39405152e-02  2.27857494e-02\n",
      "   1.43872500e-01 -1.29811527e-03 -1.53619359e-03]\n",
      " [ 2.29078181e-04 -9.37611565e-02  2.74943828e-04  1.30518572e-01\n",
      "  -1.29811527e-03  1.54076481e-01 -1.41733934e-04]\n",
      " [-8.46868530e-03  3.53762271e-04 -8.46433622e-03 -1.81715149e-04\n",
      "  -1.53619359e-03 -1.41733934e-04  1.06684152e-01]]\n",
      "B\n",
      "[ 8.83960005e-01 -3.55025739e+01  9.03217841e-01  2.25911016e+01\n",
      "  7.61584091e-01  1.65357736e+00 -5.45794387e-03]\n",
      "Tau\n",
      "[-40.53069755 -30.5817549  -40.21885149  19.81920405  -2.09761365\n",
      "   1.98345365  -4.38142504]\n",
      "[-12.85401596   2.48774495 -12.05366813   0.18407501  -0.74278948\n",
      "   3.84487774 -39.93307428]\n",
      "M\n",
      "[[ 1.48524005e+00 -6.77325760e-03  1.36262619e+00 -1.78796505e-04\n",
      "   9.35506620e-02  2.23020434e-04 -8.46621346e-03]\n",
      " [-6.77325760e-03  2.76871917e+00 -6.26366165e-03 -1.25543216e+00\n",
      "  -2.74974492e-02 -9.37063853e-02  3.53323203e-04]\n",
      " [ 1.36262619e+00 -6.26366165e-03  1.47772328e+00 -2.60298680e-06\n",
      "   9.38124792e-02  2.76742709e-04 -8.46135951e-03]\n",
      " [-1.78796505e-04 -1.25543216e+00 -2.60298680e-06  1.05926000e+00\n",
      "   2.27863933e-02  1.30583908e-01 -1.75102505e-04]\n",
      " [ 9.35506620e-02 -2.74974492e-02  9.38124792e-02  2.27863933e-02\n",
      "   1.43839929e-01 -1.29955178e-03 -1.53233738e-03]\n",
